#' Advent of Code 2021 solutions
#' @export
aoc_solutions <- list(
  day01a = 1390,
  day01b = 1457,
  day02a = 1693300,
  day02b = 1857958050,
  day03a = 3549854,
  day03b = 3765399,
  day04a = 69579,
  day04b = 14877,
  day05a = 5585,
  day05b = 17193,
  day06a = 350917,
  day06b = 1592918715629,
  day07a = 352331,
  day07b = 99266250,
  day08a = NA,
  day08b = NA,
  day09a = NA,
  day09b = NA,
  day10a = NA,
  day10b = NA,
  day11a = NA,
  day11b = NA,
  day12a = NA,
  day12b = NA,
  day13a = NA,
  day13b = NA,
  day14a = 2549,
  day14b = NA,
  day15a = NA,
  day15b = NA,
  day16a = NA,
  day16b = NA,
  day17a = NA,
  day17b = NA,
  day18a = NA,
  day18b = NA,
  day19a = NA,
  day19b = NA,
  day20a = NA,
  day20b = NA,
  day21a = NA,
  day21b = NA,
  day22a = NA,
  day22b = NA,
  day23a = NA,
  day23b = NA,
  day24a = NA,
  day24b = NA,
  day25a = NA,
  day25b = NA
)
